# Triangular cluster, with N=3 sites

dim = 2

a0 = [ 1.0, 0.0 ]
a1 = [ 0.5, 0.86602540378443865 ]
b0 = [ 6.2831853071795865, -3.6275987284684357 ]
b1 = [ 0.0, 7.2551974569368714 ]


A0 = [ 2, -1 ]
A1 = [ 1, 1 ]

num_sub = 1
pos_sub0 = [ 0.0, 0.0 ]

[[sub0]]
site = [ 0, 0 ]
[[sub0]]
site = [ 1, 0 ]
[[sub0]]
site = [ 2, 0 ]
